387
306
717
818
513
724
339
33
165
690
954
434
441
279
19
520
904
999
246
631
852
411
209
172
490
313
366
148
524
814
922
272
72
869
243
119
454
221
682
836
776
221
569
249
245
347
247
573
367
646
41
330
118
840
827
90
923
568
160
299
866
871
543
744
154
394
430
19
222
511
755
808
265
355
48
227
470
515
23
348
934
842
831
273
374
890
93
141
671
599
862
728
375
104
276
888
985
551
543
846
953
379
934
547
98
428
735
829
611
791
211
605
375
242
693
251
828
755
316
580
230
412
943
747
469
849
73
573
445
589
174
625
765
962
468
896
802
351
461
985
612
303
620
257
520
848
662
521
208
745
219
440
929
215
364
130
83
26
64
681
318
956
98
307
459
745
781
844
200
701
83
782
329
67
625
454
499
858
96
497
154
829
928
63
622
26
877
47
601
978
710
171
380
835
956
309
283
643
704
625
790
326
248
5
906
450
84
199
343
441
611
62
826
790
675
339
606
524
257
897
319
867
422
547
848
684
107
205
5
615
174
550
59
346
861
597
631
941
954
497
612
37
312
717
529
70
405
236
170
964
537
937
821
507
478
626
928
925
936
197
538
44
302
940
399
81
617
966
312
149
837
206
2
589
631
432
317
459
166
264
968
35
76
421
603
299
334
767
502
719
618
253
544
131
377
498
266
354
469
680
901
799
509
725
505
243
255
870
232
102
645
713
26
161
419
999
378
531
319
410
976
730
354
963
905
500
23
400
180
727
625
468
102
974
618
231
713
181
129
87
456
799
243
487
662
573
973
247
840
610
169
236
592
893
368
385
179
823
807
206
29
798
620
521
604
409
754
747
50
788
220
68
927
934
159
728
798
937
867
435
598
298
27
76
725
578
371
199
912
964
937
717
765
64
711
423
237
655
616
305
540
488
289
28
795
778
842
198
185
651
253
766
781
473
910
234
46
191
403
851
95
602
494
580
941
365
945
991
122
153
538
553
272
137
119
575
662
189
75
128
407
924
74
365
195
904
777
631
61
109
993
111
935
307
270
220
707
972
163
664
524
231
569
380
932
862
751
709
343
909
51
903
647
396
298
290
866
943
693
657
409
212
461
282
90
997
624
371
512
662
460
578
458
569
324
521
809
64
17
199
102
339
138
146
155
211
150
523
264
830
897
627
490
116
614
525
735
713
397
83
405
484
957
102
387
431
131
256
488
344
236
437
955
927
575
561
314
785
878
211
847
924
502
786
840
172
589
463
654
382
229
948
800
916
30
691
993
504
192
410
687
804
824
741
62
776
243
628
268
965
57
959
518
939
796
536
595
6
10
880
687
54
6
636
411
478
614
569
403
61
345
118
424
284
615
361
103
344
965
676
297
176
680
305
629
705
706
516
419
440
756
24
586
823
723
829
549
660
902
817
192
494
838
828
314
898
70
8
670
741
902
808
282
738
139
176
283
711
801
447
112
571
35
536
319
514
242
823
125
221
109
746
226
83
96
765
804
956
376
786
875
128
157
441
397
315
473
733
498
492
288
127
538
463
545
983
838
231
140
920
349
888
708
828
208
692
878
0
176
43
971
264
510
857
475
534
651
467
354
527
41
242
552
598
930
219
235
166
776
966
560
970
564
894
730
463
666
72
890
381
77
479
87
633
47
96
239
127
188
561
407
38
592
39
616
748
278
609
387
508
979
831
127
436
178
439
696
980
272
328
241
68
451
320
517
854
711
132
243
36
449
935
816
210
351
780
377
775
16
975
1
129
48
593
568
791
663
226
917
402
683
221
149
766
842
358
541
973
940
142
916
158
704
659
20
612
199
785
675
425
566
862
869
77
728
837
252
50
627
1
730
146
1
324
774
258
394
656
926
272
88
422
332
164
595
78
484
811
230
190
221
986
490
782
574
97
281
267
722
77
206
402
495
858
315
104
148
105
315
480
305
191
25
620
971
574
824
735
464
0
221
19
599
56
410
287
956
860
885
243
163
512
904
646
827
580
393
912
941
714
645
132
493
632
305
736
488
917
929
448
470
833
468
415
107
549
88
896
112
430
466
941
631
540
825
917
135
48
756
683
772
965
792
349
867
125
694
194
644
31
45
767
273
360
180
412
374
153
275
634
466
103
402
960
893
192
137
367
850
156
66
242
591
890
228
674
594
662
410
697
607
607
372
213
199
861
547
856
979
170
162
493
393
568
284
717
54
508
841
420
661
266
45
533
295
530
258
853
99
161
652
910
720
338
477
114
833
470
979
252
368
146
703
505
598
209
384
516
625
609
